0 Albany -73.7562 42.6526
1 Annapolis -76.4922 38.9784
2 Atlanta -84.388 33.749
3 Augusta -69.7795 44.3106
4 Austin -97.7431 30.2672
5 Baton Rouge -91.1871 30.4515
6 Bismarck -100.7837 46.8083
7 Boise -116.2023 43.615
8 Boston -71.0589 42.3601
9 Carson City -119.7674 39.1638
10 Charleston -81.6326 38.3498
11 Cheyenne -104.8202 41.14
12 Columbia -81.0348 34.0007
13 Columbus -82.9988 39.9612
14 Concord -71.5376 43.2081
15 Denver -104.9903 39.7392
16 Des Moines -93.625 41.5868
17 Dover -75.5244 39.1582
18 Frankfort -84.8733 38.2009
19 Harrisburg -76.8867 40.2732
20 Hartford -72.6734 41.7658
21 Helena -112.0391 46.5891
22 Honolulu -157.8583 21.3069
23 Indianapolis -86.1581 39.7684
24 Jackson -90.1848 32.2988
25 Jefferson City -92.1735 38.5767
26 Juneau -134.4197 58.3019
27 Lansing -84.5555 42.7325
28 Lincoln -96.7026 40.8136
29 Little Rock -92.2896 34.7465
30 Madison -89.4012 43.0731
31 Montgomery -86.3 32.3777
32 Montpelier -72.5754 44.2601
33 Nashville -86.7816 36.1627
34 Oklahoma City -97.5164 35.4676
35 Olympia -122.9007 47.0379
36 Phoenix -112.074 33.4484
37 Pierre -100.351 44.3683
38 Providence -71.4128 41.824
39 Raleigh -78.6382 35.7796
40 Richmond -77.436 37.5407
41 Sacramento -121.4944 38.5816
42 Saint Paul -93.09 44.9537
43 Salem -123.0351 44.9429
44 Salt Lake City -111.891 40.7608
45 Santa Fe -105.9378 35.687
46 Springfield -89.6501 39.7817
47 Tallahassee -84.2807 30.4383
48 Topeka -95.6779 39.0489
49 Trenton -74.7597 40.2206
50 Washington -77.0369 38.9072
