0 62759 -122.48531 37.63505 18.0
1 62838 -122.23087 37.806873 770.0
2 62890 -122.574814 37.99831 1271.0
3 62950 -116.38851 33.22267 1086.0
4 63089 -108.55373 39.090233 64.0
5 63187 -111.93324 41.1824 163.0
6 63203 -118.175735 34.123253 2195.0
7 63212 -83.00535 40.057014 222.0
8 63249 -122.308464 37.561428 173.0
9 63278 -119.93351 39.24751 12.0
10 63413 -79.95705 40.478428 805.0
11 63428 -122.038185 37.85643 43.0
12 63980 -121.83767 37.21571 66.0
13 64092 -121.24596 38.629974 170.0
14 64122 -122.5699 37.969486 187.0
15 64144 -122.07428 37.941425 33.0
16 64244 -123.0676 44.013527 103.0
17 64288 -118.69748 34.16229 211.0
18 64457 -121.52225 37.031555 472.0
19 64485 -88.14626 41.109455 103.0
20 64876 -117.24321 33.32479 1433.0
21 65022 -113.62943 37.0406 345.0
22 65129 -121.30034 38.632774 165.0
23 65600 -122.96771 45.305202 19.0
24 65613 -118.3237 34.200916 58.0
25 65721 -122.831116 38.556477 69.0
26 65920 -86.5363 39.15481 158.0
27 66374 -122.2569 37.839294 1739.0
28 66419 -117.67022 33.649162 178.0
29 66454 -79.79551 40.214046 110.0
30 66766 -122.27792 37.895996 25.0
31 66851 -122.1614 37.45836 28.0
32 67114 -122.21675 38.413654 1560.0
33 67306 -122.08486 37.375214 114.0
34 67381 -122.31547 37.54529 27.0
35 67391 -121.88925 37.272488 13.0
36 67468 -105.16803 40.138184 495.0
37 67671 -122.8718 38.503876 17.0
38 67820 -122.2543 37.466072 1465.0
39 67932 -122.47195 37.785404 164.0
40 68139 -79.8962 40.44105 193.0
41 68171 -155.67453 19.86205 30.0
42 68793 -120.770706 38.722176 1418.0
43 68907 -111.85935 40.61586 265.0
44 69221 -122.31053 37.5133 1678.0
45 69295 -122.62655 45.378986 14.0
46 69374 -122.668236 38.488525 12.0
47 69410 -122.82045 45.54968 481.0
48 69557 -122.92404 38.394646 163.0
49 69576 -111.7936 40.690933 368.0
50 69623 -118.49772 34.046158 111.0
51 69835 -122.227036 37.80239 146.0
52 69858 -91.21969 30.266632 171.0
53 70240 -122.46433 37.868263 574.0
54 70433 -83.073135 42.29289 1412.0
55 70457 -120.777084 37.782364 50.0
56 70472 -122.49279 38.294872 197.0
57 70568 -122.192276 37.420635 26.0
58 70888 -78.67484 35.89508 44.0
59 71049 -122.17799 47.190197 88.0
60 71058 -116.2722 35.979122 13.0
61 71066 -120.98484 39.27063 15.0
62 71110 -122.203445 37.395557 1591.0
63 71309 -122.605316 38.094032 42.0
64 71456 -121.98878 37.355392 665.0
65 71568 -122.00651 36.973026 2112.0
66 71595 -122.04593 36.9514 1904.0
67 71748 -74.62279 40.544743 364.0
68 72037 -118.33992 34.084064 124.0
69 72070 -79.92948 40.44193 1384.0
70 72095 -97.72687 30.282122 80.0
71 72210 -118.97821 34.169468 326.0
72 72400 -122.66599 38.46552 434.0
73 72553 -122.2754 37.87885 196.0
74 72614 -117.21749 32.960873 838.0
75 72668 -78.85835 42.86242 198.0
76 72952 -90.61309 47.729034 84.0
77 73239 -76.87511 40.311855 759.0
78 73247 -122.35506 47.64073 279.0
79 73509 -122.12045 47.59212 156.0
80 73576 -122.06261 48.0873 63.0
81 73725 -119.65019 34.42406 22.0
82 74773 -122.156 37.366352 34.0
83 160503 -78.84948 35.734417 1170.0
84 218271 -122.243576 37.798817 201.0
85 218308 -81.04804 39.86685 276.0
86 219173 -118.46884 34.078327 67.0
87 219298 -119.7668 39.1444 72.0
88 219354 -121.95276 37.547054 2324.0
89 219532 -119.7668 39.1428 267.0
90 220205 -121.43234 43.84786 206.0
91 220283 -77.57323 35.593754 220.0
92 220291 -77.26814 35.716908 594.0
93 220794 -122.177155 37.795773 28.0
94 220904 -77.858444 40.792824 644.0
95 222543 -111.00969 32.160313 32.0
96 223025 -121.30771 38.59479 13.0
97 223271 -122.57589 37.97706 128.0
98 223290 -97.771645 30.254564 1304.0
99 223924 -111.93189 40.78727 116.0
100 224189 -120.58382 38.757187 2015.0
101 224285 -122.7162 48.734962 40.0
102 224470 -122.24367 38.126163 471.0
103 225863 -79.288956 40.26326 25.0
104 225978 -120.34577 36.155746 2211.0
105 227701 -81.5629 30.098486 1049.0
106 227783 -86.185905 43.310467 36.0
107 227809 -119.27929 45.861835 12.0
108 228353 -120.809044 47.840847 91.0
109 228394 -121.716194 37.928406 583.0
110 229841 -111.51166 40.717766 67.0
111 230071 -114.19861 46.319183 37.0
112 230305 -121.33178 39.34209 25.0
113 230362 -122.28437 37.428577 72.0
114 230401 -120.16107 39.12675 1181.0
115 230689 -72.50104 44.366657 152.0
116 230963 -118.055664 48.607506 459.0
117 231792 -105.48676 44.299816 32.0
118 231827 -118.83779 35.40107 13.0
119 231986 -121.39858 38.599438 138.0
120 232209 -117.57182 48.107162 68.0
121 232284 -120.128586 39.271103 128.0
122 232551 -121.53174 38.638596 196.0
123 232796 -122.45414 38.284992 122.0
124 232865 -121.14798 38.909096 32.0
125 232874 -122.04638 37.711033 45.0
126 233185 -122.25415 37.737293 225.0
127 233274 -122.25525 37.83963 1212.0
128 233864 -121.83302 37.22756 65.0
129 234058 -122.45493 37.79025 257.0
130 234323 -71.50886 43.953625 1964.0
131 234967 -122.22183 37.436874 42.0
132 235129 -105.01474 39.684113 836.0
133 235538 -122.279366 37.86762 2311.0
134 235749 -121.88287 37.341553 224.0
135 235873 -122.37771 45.527023 30.0
136 236006 -122.2138 37.826523 1503.0
137 236128 -86.1592 39.86384 230.0
138 236280 -122.634026 41.726727 38.0
139 236440 -119.98062 39.264297 45.0
140 243630 -111.42911 40.672466 1714.0
141 245978 -105.27138 39.630074 334.0
142 268279 -75.38747 39.83793 195.0
143 268455 -105.26589 39.97925 407.0
144 268529 -122.59736 38.03889 405.0
145 269784 -81.76338 40.842083 1984.0
146 269987 -117.30751 33.18859 60.0
147 270050 -122.46281 38.287594 279.0
148 270479 -120.09041 39.210724 64.0
149 274174 -96.993286 33.011925 47.0
150 275144 -88.20487 40.09913 77.0
151 276529 -117.14228 32.90468 1491.0
152 276729 -111.87021 40.78386 123.0
153 277489 -105.11421 40.193325 44.0
154 283169 -77.94152 39.66401 18.0
155 288656 -105.281044 40.050533 1639.0
156 298675 -78.806046 35.43296 32.0
157 322663 -77.771576 38.589046 189.0
158 344847 -106.4513 35.299706 101.0
159 345315 -118.47769 34.45104 1367.0
160 351749 -80.0478 40.485104 197.0
161 353245 -112.23614 37.457058 161.0
162 353257 -121.19045 38.82451 140.0
163 353382 -117.02609 33.268597 1629.0
164 353887 -117.51475 45.573166 55.0
165 354165 -111.535385 40.768238 119.0
166 354174 -121.34955 44.05382 285.0
167 354273 -121.30342 44.06969 25.0
168 354744 -119.66226 38.70666 43.0
169 355145 -122.56113 48.46467 143.0
170 355912 -117.26708 44.349983 120.0
171 356706 -80.32847 40.683292 62.0
172 357041 -122.294174 40.198235 45.0
173 357399 -105.19039 39.817806 81.0
174 357402 -121.08891 47.74356 259.0
175 358076 -122.25011 37.837723 295.0
176 358443 -122.38941 47.651524 287.0
177 359394 -116.795784 47.436527 349.0
178 359468 -121.21054 39.224438 307.0
179 361357 -90.523445 38.67661 27.0
180 362921 -121.89278 37.34761 141.0
181 363442 -91.391045 40.40088 432.0
182 365508 -122.12437 47.647865 229.0
183 365941 -120.707596 47.833435 74.0
184 366865 -122.29289 47.617252 1572.0
185 370285 -85.48949 38.268982 8.0
186 446221 -111.56864 40.15516 361.0
187 448490 -70.031845 43.97997 102.0
188 483391 -73.29684 44.71776 207.0
189 577181 -118.163414 34.198914 1431.0
190 613707 -76.8886 38.70654 72.0
191 665994 -73.07437 40.94545 162.0
192 750537 -84.52173 39.105816 39.0
193 820818 -72.484795 43.30573 242.0
194 886197 -79.03978 35.935963 275.0
195 922649 -121.48956 38.58203 15.0
196 922669 -97.08503 33.02359 1925.0
